
=== TTE Profiling Report ===
count               : 54.000000 seconds
min                 : 0.000009 seconds
max                 : 0.112453 seconds
mean                : 0.010033 seconds
median              : 0.006794 seconds
stdev               : 0.016104 seconds
25th_percentile     : 0.000272 seconds
75th_percentile     : 0.015620 seconds
